,RIAD3210,RCON2170,RCON3360,RCONC410,RCONC411,RCON3123,RIAD4093,RIAD4340,RCON2215,RCON2385,RCON3545,Target,AsOfDate
23306,31569,5633,23211,760,16517,0,0,0,2653,2186,-1859,1,9/30/2010
58052,191764,17047,138756,1584,124817,0,0,0,19250,3427,510,1,9/30/2010
35065,242339,13011,180793,14570,188047,0,2924,0,-1833,5865,-16068,1,9/30/2010
34578,244376,29439,211037,3259,180194,0,3133,585,2124,7248,-11104,1,9/30/2010
19040,73295,299323,328903,,-775,17782,-26732,,,,,1,9/30/2010
35561,112643,7611,96894,2242,78083,0,0,0,2272,3544,-1364,1,9/30/2010
34673,252744,20450,193100,8640,233102,0,6182,0,2571,8568,-10207,1,9/30/2010
5287,750724,36539,628213,37225,572553,0,20081,0,8463,19338,-27757,1,9/30/2010
35078,106595,9706,82290,1289,86882,0,0,0,1474,4679,-4667,1,9/30/2010
20340,112144,37086,75107,3748,74954,0,2109,0,-324,4279,-4286,1,9/30/2010
35463,203955,16416,173766,8796,150363,0,7931,0,-2354,6618,-17831,1,9/30/2010
14580,654714,22062,565564,12604,411257,0,0,842,9020,16179,-22846,1,9/30/2010
57831,143729,19571,122002,7416,100823,0,6853,0,1758,2755,-11036,1,9/30/2010
57885,48000,9297,37715,622,35951,0,0,0,611,2551,-1952,1,9/30/2010
34411,221082,42125,151348,8577,173680,0,1463,0,4532,6669,-8260,1,9/30/2010
58087,98635,27115,74012,3912,82924,0,5421,0,-3483,4974,-12739,1,9/30/2010
31263,538258,28004,472052,14792,427925,0,27660,0,6741,15502,-16779,1,9/30/2010
22173,1583611,48202,1440583,34385,1023750,0,71645,0,3788,31718,-69281,1,9/30/2010
16089,143451,33116,102359,2409,112780,0,934,0,3742,5152,-1938,1,9/30/2010
2119,126622,18550,104330,1334,98809,0,15499,0,2683,3411,-7095,1,9/30/2010
33904,29259,15224,11643,654,15000,0,0,0,310,1097,-1658,1,9/30/2010
32251,94823,5583,81278,1780,84674,0,1347,0,473,3276,-3076,1,9/30/2010
27573,73922,8600,63598,2185,56001,0,1976,0,-1303,2759,-6138,1,9/30/2010
34016,989382,59159,810208,58180,707503,0,51189,0,10599,23510,-33484,1,9/30/2010
58205,87782,6779,63352,3165,66287,0,1105,0,25,3153,-3459,1,9/30/2010
35250,92980,19963,70681,4170,70048,0,0,0,1131,4009,-4106,1,9/30/2010
21777,402205,21273,345955,20022,297286,0,10811,360,12540,14450,-16059,1,9/30/2010
