,RIAD3210,RCON2170,RCON3360,RCON3465,RCON3466,RCON3387,RCONB561,RCON3123,RIAD4093,RIAD4300,RCON2215,RCON2385,RCON1773,RIAD4150
416,-656,44448,31626,3722,13547,9017,0,1038,1171,-2259,13729,31099,4,15
1690,6767,163859,106700,34684,45229,19158,390,3614,1420,-131,39534,116868,11184,32
9257,577,43077,23607,7666,10640,2310,0,1651,540,-782,12998,29304,9023,12
23156,1486,101026,72679,37642,26419,4170,0,3906,1710,-707,38961,60106,3103,39
23632,83,129253,77041,6800,65781,4248,0,3875,2610,-1976,8661,120362,201,33
26759,2478,162460,140138,35553,83502,16176,0,5906,1640,-529,19355,131596,5098,31
27405,189,169489,113566,5305,82581,23805,0,6324,1913,-3266,32900,127124,23731,42
31495,4495,463840,403375,304839,95509,2749,0,14443,2938,-2893,7157,450896,35074,41
32503,-22512,433512,335088,129212,172462,27860,0,12906,12450,-27571,56059,359884,10743,72
34515,3237,533114,336816,157561,153289,14747,0,13710,4899,-3459,89170,383534,70645,124
35224,111,51553,37748,11633,17586,5902,0,1641,603,-486,17345,27804,5742,18
35299,2938,150962,73650,8054,56842,8120,0,1757,1120,-281,8203,139693,18725,19
35372,1121,54373,41853,26148,14578,642,0,1131,455,30,2879,50203,0,16
35527,797,48861,27977,12242,603,1147,0,539,515,-237,10492,37294,253,11
57766,1235,163019,94125,21766,60375,12195,0,2502,1895,-1474,13189,132345,40407,20
