,RIAD3210,RCON2170,RCON3360,RCON3465,RCON3466,RCON3387,RCONB561,RCON3123,RIAD4093,RIAD4300,RCON2215,RCON2385,RCON1773,RIAD4150
513,2716,142729,112660,32739,44591,29825,373,3263,1263,-3496,8753,122878,1414,34
10086,3210,186677,155814,53754,91570,7946,40,6875,1792,-197,29480,152961,4054,34
14273,-1687,228328,156354,40208,91382,9608,0,10149,2158,-4947,46123,158912,6911,65
19237,3309,339929,227541,70368,137632,10080,0,8594,3037,-2410,81730,242673,48273,83
19794,-3228,757574,343025,46038,229370,5503,0,10762,5473,-5700,36421,575260,228343,76
19797,16527,849409,552842,117669,331170,64629,964,30450,5973,-1183,156158,568325,138245,177
21495,852,314019,227103,69807,136762,16396,796,1005,2855,-1776,28057,261948,23617,64
23626,3772,173478,129173,34729,86605,6666,0,2525,1994,-435,34952,128351,5474,57
24099,361,21454,16371,3007,9100,3094,0,442,950,-534,9638,11342,605,13
26297,-439,342079,246257,45404,179065,20681,0,12591,3428,-5904,19103,289681,35488,70
27583,1528,98624,73391,14204,52014,6160,0,3916,1418,-525,12830,79811,4640,29
34234,903,451683,356175,65922,248200,35077,776,17359,4556,-7755,33949,337545,32695,78
35418,2293,135064,85783,6717,63443,15292,132,3955,1943,-1126,3838,124735,10734,31
57213,9585,741855,563868,85917,435104,37615,0,17238,5330,-2524,24713,682930,25283,145
57593,1052,103716,59715,21130,34089,2800,0,1711,921,-1711,8822,80732,16956,20
57625,-6373,66282,46081,15068,29485,964,0,6326,956,-460,10077,55362,0,20
57647,5768,730981,506712,159558,300562,29936,0,14896,5780,-2385,33505,668725,61617,152
57705,-49,103055,73472,17248,50925,3124,0,1889,920,-501,11490,87532,10092,21
58539,-8381,291196,255247,22670,218446,9553,0,16989,2397,-746,51375,243394,3850,62
