,Total equity capital,Total assets,Total loans,1-4 family residential loans,Other real estate loans,Commercial and industrial loans,Credit cards,Allowance for loan losses,Total noninterest expense,Net Income before,Total transaction deposits,Total nontransaction deposits,Available-for-sale Fair Value,Number of full-time employees
2119,9670,137590,113251,24428,80570,1634,0,3362,4070,-2745,19573,103918,13582,36
5287,31930,912354,653982,194703,401626,28394,0,23530,24489,-32216,50547,727955,173706,135
14580,30904,828061,527364,186323,378031,41447,0,17499,21867,-28651,21700,696995,108804,139
16089,5607,171277,125745,36419,59828,25771,0,2168,7748,-3658,37104,124105,18337,49
19040,33578,,,,,,,,,,,,,
20340,3699,119788,84625,19841,57429,2986,0,3646,5054,-7528,30791,85009,11131,59
21777,26063,467880,335645,90203,172770,42954,0,13007,16698,-17837,22550,384310,70442,142
22173,72493,1766482,1288456,18076,1078149,186539,0,33870,41028,-83469,44121,1546876,223168,187
23306,4512,40349,19837,4274,9749,4936,0,872,3667,-4511,5628,29988,4034,16
27573,4867,80363,63120,22156,37156,2875,0,1312,3471,-4173,14477,58190,4098,23
31263,22616,612255,499306,164502,269505,64067,0,18732,19871,-23162,31749,496925,72920,131
32251,3696,119185,113010,36801,59885,11791,0,7419,3994,-8127,10685,97207,0,22
33904,1968,30620,18792,6505,4375,74,0,903,1683,-1191,15059,11518,0,12
34016,43804,1256121,1006884,130903,768747,55590,0,74016,40358,-79666,78123,993086,144011,233
34411,9241,262114,201470,40453,74866,58290,0,7974,29238,-19712,47256,180822,7114,32
34578,13127,270266,198158,17464,157437,14857,1221,5987,8614,-6568,30303,223678,25063,59
34673,12631,288263,255544,91573,127863,34599,0,6498,11266,-9931,22862,213475,8088,68
35065,14123,261120,202376,65550,105591,19309,0,7096,6646,-5964,24132,172510,7105,32
35078,5827,134784,108312,45547,58842,3852,0,2066,7418,-9311,21305,94020,12964,30
35250,5117,119130,90866,14404,44292,10714,207,4774,5510,-9904,23361,88473,10387,31
35463,14775,245593,186555,20964,154446,9849,0,5087,7534,-6303,14181,194051,32357,48
35561,3253,116879,90133,62164,20603,5345,429,2378,6305,-6827,9325,93448,8327,35
57831,12881,191870,135000,32823,72786,25952,0,5766,2990,-3349,31273,133016,7040,16
57885,2430,57072,42726,1753,35895,4914,0,1435,3961,-2875,6224,47761,3884,16
58052,13014,128108,99916,13182,55093,13788,0,1855,2958,-104,11088,96015,25083,29
58087,8987,106047,97917,5302,54611,37385,0,2003,4460,-3261,20994,73449,5073,19
58205,3347,102567,81868,9920,46190,21612,0,2674,5052,-4856,7782,72748,10982,15
