,RIAD3210,RCON2170,RCON3360,RCON3465,RCON3466,RCON3387,RCONB561,RCON3123,RIAD4093,RIAD4300,RCON2215,RCON2385,RCON1773,RIAD4150
5687,1392,278860,192903,65130,107214,8904,0,11786,9794,-13415,68577,198012,44174,57
16579,2435,397082,274643,73636,191830,7637,0,15131,16338,-9976,13453,364856,3508,80
19252,4899,516760,358802,48514,298178,6846,0,12794,13650,-11665,18396,490669,60559,106
19869,1021,261947,181481,30949,117530,30348,865,9268,12917,-5837,39429,220142,14594,79
23187,313,93894,64015,22089,34683,3743,0,1772,8001,-4502,40014,49471,12196,32
33883,15193,818237,665320,82198,558182,23368,0,43946,28333,-22642,63074,684566,31808,184
34046,1143,143678,73335,458,61753,2112,0,4835,8347,-7818,13766,103047,34051,29
34823,1558,105029,77190,2256,43746,19141,0,4219,4037,-5704,22952,79881,10600,28
35296,-36659,1009154,889956,47070,407659,479346,861,64068,29916,-165024,33912,1003804,86932,79
35419,5500,268703,158337,11316,98420,42554,0,12093,7313,-9161,16587,182366,76939,23
57186,330,71485,51841,11240,35086,4648,0,2386,2986,-5608,18942,52138,1969,20
57597,-1801,71202,44061,16789,21570,4556,0,5822,2821,-9168,2186,70213,8888,9
58068,1882,95725,74095,15349,52171,4724,0,853,3397,-2434,4710,85922,9358,21
