,Total equity capital,Total assets,Total loans,1-4 family residential loans,Other real estate loans,Commercial and industrial loans,Credit cards,Allowance for loan losses,Total noninterest expense,Net Income before,Total transaction deposits,Total nontransaction deposits,Available-for-sale Fair Value,Number of full-time employees
2119,10486,144112,118292,24617,87642,1704,0,3950,2942,-1999,19126,109751,14361,37
5287,50245,941108,691198,206390,422126,32158,0,18369,18001,-15859,39488,746453,161798,135
14580,44168,908064,563999,130307,334887,64879,0,24555,14408,-16518,22765,762441,121900,147
16089,7672,178102,131773,36788,62995,28444,0,1728,5593,-1646,37878,127787,19562,49
19040,44825,,,,,,,,,,,,,
20340,6719,117223,87783,19516,59718,3917,0,3602,3745,-4638,31325,78749,6546,59
21777,32609,474643,348223,92832,180056,43713,0,11450,11643,-11545,23981,383230,77222,140
22173,114671,1890367,1372660,17525,1123743,225632,0,29547,29372,-42493,63311,1603468,204145,187
23306,5054,42186,21228,4438,10589,5155,0,1035,2781,-3973,6644,30401,5048,14
27573,8007,90961,67877,21082,43054,2904,0,1067,2995,-1022,13699,66333,5655,23
31263,21881,658940,518898,167471,283778,67073,0,18276,14493,-23978,37333,538601,63251,138
32251,10362,125865,108952,35012,60491,8669,0,2249,2832,-1438,8585,98992,1,25
33904,2718,33969,18948,6478,13060,179,0,1315,1269,-441,14758,14373,0,12
34016,71927,1378043,1067831,137016,819776,65786,0,48470,29584,-51465,77466,1059273,148382,238
34411,16516,258629,217422,51453,77105,59872,0,8076,16926,-12514,58513,177474,10328,46
34578,15959,290948,205269,16677,167948,16480,1302,9097,5948,-3941,35729,232925,15978,57
34673,17234,280805,244160,85914,121417,35361,0,6328,7178,-5476,21887,202354,2001,66
35065,20303,252831,205214,68024,108007,17099,0,3685,4802,25,23714,151411,7202,34
35078,6881,148023,119121,48188,65728,5139,0,1766,5763,-8337,19848,107785,13464,32
35250,8591,127404,99216,15766,49872,16270,222,5453,4068,-6481,24606,88969,9973,31
35463,16514,247529,194749,28922,154355,10155,0,6323,5695,-5199,15908,192260,20417,48
35561,6216,123972,89996,57358,21682,5266,408,2268,4605,-3138,8884,98117,10291,39
57831,15086,182108,143603,33587,72598,25410,0,5112,2261,-1343,33971,118118,6927,17
57885,3123,65188,47171,1222,38189,8158,0,1455,2796,-2194,4824,56736,4911,17
58052,13262,119603,93887,13297,55142,8911,0,2085,1972,123,9858,92656,9353,27
58087,10590,119667,102710,1954,55847,38496,0,1604,3131,-499,19067,87103,8521,19
58205,4538,111205,90148,10930,51198,23686,0,2695,3755,-3690,9420,78506,11070,17
