,Total equity capital,Total assets,Total loans,1-4 family residential loans,Other real estate loans,Commercial and industrial loans,Credit cards,Allowance for loan losses,Total noninterest expense,Net Income before,Total transaction deposits,Total nontransaction deposits,Available-for-sale Fair Value,Number of full-time employees
2119,9343,136494,105919,21193,79586,1551,0,3108,1180,-361,18837,103942,12839,36
5287,34692,868810,620930,192940,371908,27615,0,22764,5941,312,38890,696617,164254,132
14580,24919,791922,488194,138892,270365,48605,0,19790,5349,-6749,25097,662720,116462,138
16089,4886,165983,119689,36345,57061,22808,0,2487,1649,-834,35244,121354,12268,37
19040,27908,,,,,,,,,,,,,
20340,3085,119569,79953,19955,53170,2808,0,3549,1392,-655,31978,84179,10430,50
21777,20596,454537,323778,87913,165816,41948,0,19510,6183,-7469,22696,378904,65853,138
22173,63550,1709152,1182663,19395,982011,177662,0,31018,9850,-11111,52170,1494876,242519,187
23306,3904,38887,18586,4610,8631,4603,0,913,779,-609,7449,27450,3535,14
27573,2801,84495,60769,21280,36005,2544,0,2174,877,-2067,11735,67073,9814,23
31263,18659,600351,465085,151497,254072,59172,0,14022,4758,-4031,30557,490402,81856,127
32251,3128,119407,105369,33431,61683,12365,0,5421,944,-307,8827,99855,9843,22
33904,1930,31750,17084,5362,10972,191,0,898,312,-38,16381,11370,0,12
34016,34798,1247839,951836,124758,719963,47235,0,60378,8024,-9323,73777,997687,140551,218
34411,11195,258131,192051,40841,68492,56865,0,6522,2589,-760,43832,178442,7112,29
34578,11528,267348,187222,15979,153314,13914,1245,4132,2568,-1702,32403,220233,26425,59
34673,10570,282699,245381,86396,125756,31744,0,6875,2877,-2120,21559,213963,8050,68
35065,16540,262997,204131,72235,96135,18082,0,7150,1889,-347,17842,177833,16134,32
35078,4589,119333,103885,44321,56295,3198,0,1604,1541,-1332,12639,85080,10309,30
35250,3978,109733,79188,16275,39227,8940,215,3299,1301,-1148,20240,83300,9903,32
35463,12684,215193,171453,19487,141471,9364,0,6102,2042,-2716,14666,175494,16213,47
35561,3146,122814,82544,57033,18825,5138,429,2385,1345,-438,8245,100296,7286,33
57831,10152,189326,143400,28511,76126,28540,0,8903,777,-2737,29058,135269,7048,15
57885,1794,52015,38816,993,34638,4243,0,1433,870,-701,5460,44356,3944,15
58052,13224,141122,100894,16891,66317,18182,0,1828,1073,101,11290,108449,12488,33
58087,4928,107654,96776,2880,55484,38394,0,4009,1407,-4151,23261,78845,4984,19
58205,2203,98380,75953,9635,43872,18668,0,2782,1010,-1150,9693,68804,11347,14
