,Total equity capital,Total assets,Total loans,1-4 family residential loans,Other real estate loans,Commercial and industrial loans,Credit cards,Allowance for loan losses,Total noninterest expense,Net Income before,Total transaction deposits,Total nontransaction deposits,Available-for-sale Fair Value,Number of full-time employees
182,6714,447185,273912,67869,174213,13486,35,10213,9313,-11448,33412,364769,99558,146
9619,5412,377469,290087,86250,104809,25062,0,9220,6763,-4343,16290,353726,15202,107
10506,167,28248,23529,6460,10570,3546,0,1583,1517,-2101,3664,23384,2,13
11636,10370,585445,376308,49340,257247,49903,0,18787,15256,-6187,42415,471623,125181,165
15640,9396,2166431,1351238,321053,735639,259544,0,90007,29411,-39554,63239,1484164,694279,355
17599,4306,493391,332552,77305,219430,28751,3580,18870,8704,-6792,23021,444763,90754,116
17837,1588,130411,67268,24843,28875,4925,0,4359,2672,-3330,29687,97306,35736,45
22643,10158,489019,317516,37807,218493,57977,1042,11557,11668,-14462,26426,448316,54667,105
23181,7954,250488,201238,70627,114178,14583,0,11554,3341,-5273,30456,197479,16771,59
25172,-10096,399441,290659,36444,229409,21574,0,19236,6407,-27145,37982,337540,30356,73
25266,127,67918,52317,27356,11557,3776,0,1514,2538,-3909,16495,47213,1585,14
27090,10883,312077,229556,29895,147809,46144,1331,11135,6873,-3340,63015,215817,19625,84
27259,18586,337113,260099,61128,155261,14520,0,12239,3447,-339,34131,221369,15895,48
27344,3094,156218,122326,36781,64440,5164,0,5547,3291,-3623,35336,106541,8891,53
27559,6712,970235,687742,131058,513346,30539,335,12186,15786,-19030,28721,904088,21616,166
27808,468,47523,37593,20006,17573,0,0,1268,1179,-1216,833,40718,0,10
31964,15787,714574,580800,39079,406318,128025,0,18477,14239,-31587,42528,650142,35316,210
32536,-4925,354966,241640,62656,170457,8388,0,10532,5794,-17105,42971,286570,56581,59
33219,18757,498751,424292,94064,266493,33426,0,15745,12350,-4457,58273,412983,4150,211
34231,-8067,264628,219223,48660,155252,13509,0,22400,5364,-16680,16452,252996,25911,40
34486,-400,100649,76859,26749,37428,13867,0,4645,2179,-7370,13697,81403,8649,23
35053,12083,288776,215475,59463,138720,9288,377,8787,5036,-2941,38285,237796,23282,45
35061,5149,187819,137230,50732,78329,16917,0,4998,3173,-1734,15154,149440,9533,40
35383,11246,619374,497131,160177,308725,23435,0,20056,9816,-8659,72748,478143,41392,121
35434,1538,203690,118531,14543,85329,18570,7,4768,7633,-8351,15211,168774,38,30
35462,4335,217743,165825,46476,58088,57968,0,8616,4924,-3509,9201,203411,14263,22
57107,1534,81564,64739,12810,32212,14998,0,1960,1931,-1406,1143,78509,6575,10
57448,3968,248151,156105,17506,129801,7067,0,7498,4701,-11276,9892,232939,24341,28
57658,1145,160763,102670,8483,81855,11374,0,571,2459,-4812,37018,118513,16281,26
58072,1132,190678,161590,44028,101932,14470,0,4278,6443,-4533,7527,181117,18146,30
58197,945,168820,120508,27945,88815,3186,0,5190,2766,-7151,14796,145922,8472,27
58308,3349,148575,119821,8288,105529,5433,0,4629,3046,-3214,5434,128127,6444,17
