,RIAD3210,RCON2170,RCON3360,RCON3465,RCON3466,RCON3387,RCONB561,RCON3123,RIAD4093,RIAD4300,RCON2215,RCON2385,RCON1773,RIAD4150
2994,18086,954106,620184,117522,422975,76788,0,32197,17792,-14911,219272,599398,136902,210
4392,20870,1994430,1238766,303002,662466,167556,0,96561,46452,-68097,91169,1602423,498214,476
4744,6973,538091,319091,43167,225784,43103,0,21590,11448,-10899,26283,498007,53132,107
19554,2561,180340,140600,12026,125246,1879,0,3770,2859,-4396,4925,172296,14854,21
20408,16459,985096,882461,227574,604280,59736,0,59633,17145,-32744,60340,841505,12545,201
22528,-319,548570,483527,22862,312994,77782,2679,30000,12591,-25323,121066,394666,17317,152
22637,2135,110723,73047,15958,49680,2191,0,5170,2504,-1783,23382,80639,15363,29
25155,14123,296841,188876,36319,146637,4557,0,6224,9184,-7103,62038,218057,18202,80
27935,9823,896864,743826,88174,478137,175817,0,24761,19356,-13120,22018,808512,76456,121
33513,6622,239916,207613,7758,181963,16225,41,14420,7220,-3723,39426,169349,0,68
33983,11316,288765,239877,54109,155895,24650,0,13789,7100,-4768,33353,219726,9562,73
34130,721,46818,37034,11052,17602,1731,6648,920,3246,-739,4564,41206,2565,29
34522,5850,665806,573199,172157,335375,60772,0,31127,13738,-15718,22435,612767,27476,63
34870,1287,225035,159255,17222,128125,13055,0,6649,5030,-5931,29840,177781,35911,67
35244,-171,266482,232843,59753,158285,10767,0,11583,6114,-8945,48415,195947,19512,53
57212,3144,141016,110559,27834,55023,15045,0,6157,3469,-3191,17122,120093,9527,28
57239,4686,164599,114331,33842,53208,15642,0,6132,2958,-1826,42122,117551,23233,32
57442,1434,73066,58214,5570,49233,3241,0,3417,1767,-1221,10591,56880,5458,17
57835,1550,62518,50483,16559,17532,13127,0,2606,1172,-1721,8462,51887,3176,16
58056,-324,41252,31371,6180,23627,1251,0,2345,1068,-2123,5347,36087,2476,11
58222,1652,232648,167530,52276,102431,11925,0,8221,4891,-6531,13428,196309,34244,34
58226,651,102338,64649,3800,16387,9643,0,2734,2218,-2271,4423,92160,9616,13
58238,-977,177715,129530,6029,94474,24112,0,6924,5216,-6375,10784,147339,29349,22
58273,2684,150751,112172,30867,60213,12229,0,2442,2658,-1339,12022,128590,7226,16
58283,499,83493,73891,16031,50368,6287,0,3385,2322,-2842,1223,71732,0,8
