,Total equity capital,Total assets,Total loans,1-4 family residential loans,Other real estate loans,Commercial and industrial loans,Credit cards,Allowance for loan losses,Total noninterest expense,Net Income before,Total transaction deposits,Total nontransaction deposits,Available-for-sale Fair Value,Number of full-time employees
2119,2683,126622,98809,25025,65844,1518,0,1334,3411,-7095,18550,104330,12262,35
5287,8463,750724,572553,175660,343516,28089,0,37225,19338,-27757,36539,628213,96511,190
14580,9020,654714,411257,126142,233365,53976,0,12604,16179,-22846,22062,565564,104592,136
16089,3742,143451,112780,34873,54578,20044,0,2409,5152,-1938,33116,102359,10118,41
19040,-775,,,,,,,,,,,,,
20340,-324,112144,74954,19963,48505,2817,0,3748,4279,-4286,37086,75107,10902,50
21777,12540,402205,297286,77909,156250,37719,0,20022,14450,-16059,21273,345955,50729,129
22173,3788,1583611,1023750,21037,855932,144652,0,34385,31718,-69281,48202,1440583,237756,182
23306,2653,31569,16517,3938,8495,3501,0,760,2186,-1859,5633,23211,501,13
27573,-1303,73922,56001,20239,32805,2140,0,2185,2759,-6138,8600,63598,8343,22
31263,6741,538258,427925,149216,223803,53145,0,14792,15502,-16779,28004,472052,87427,116
32251,473,94823,84674,24559,51621,9627,0,1780,3276,-3076,5583,81278,0,17
33904,310,29259,15000,4986,9972,146,0,654,1097,-1658,15224,11643,0,12
34016,10599,989382,707503,83259,561026,31496,0,58180,23510,-33484,59159,810208,109161,150
34411,4532,221082,173680,36826,62367,53318,0,8577,6669,-8260,42125,151348,13719,29
34578,2124,244376,180194,17845,140978,12370,1399,3259,7248,-11104,29439,211037,13843,59
34673,2571,252744,233102,82451,119377,29790,0,8640,8568,-10207,20450,193100,0,36
35065,-1833,242339,188047,63449,66617,15909,0,14570,5865,-16068,13011,180793,8013,22
35078,1474,106595,86882,40645,44075,2088,0,1289,4679,-4667,9706,82290,8290,28
35250,1131,92980,70048,14804,29299,6992,215,4170,4009,-4106,19963,70681,7097,30
35463,-2354,203955,150363,15679,126266,7491,0,8796,6618,-17831,16416,173766,13852,48
35561,2272,112643,78083,53781,19677,5320,831,2242,3544,-1364,7611,96894,5862,30
57831,1758,143729,100823,23697,51338,19159,0,7416,2755,-11036,19571,122002,1795,17
57885,611,48000,35951,1747,30403,3665,0,622,2551,-1952,9297,37715,0,15
58052,19250,191764,124817,24046,71929,20491,0,1584,3427,510,17047,138756,35049,36
58087,-3483,98635,82924,1437,46663,39377,0,3912,4974,-12739,27115,74012,1888,17
58205,25,87782,66287,8984,39198,15672,0,3165,3153,-3459,6779,63352,11102,10
