,RIAD3210,RCON2170,RCON3360,RCON3465,RCON3466,RCON3387,RCONB561,RCON3123,RIAD4093,RIAD4300,RCON2215,RCON2385,RCON1773,RIAD4150
151,2878,387681,234321,55199,160813,5690,0,6643,13644,-12293,33190,306744,62849,87
2303,3261,44546,35804,1888,3533,16323,0,372,1209,754,2346,38858,15,8
4077,7305,90183,55907,7937,10084,14888,0,993,2461,1184,9782,58549,27219,25
5328,265,240949,152784,41812,86334,19970,0,7125,9549,-22604,25557,168137,40810,49
12261,34529,2188154,1590848,157083,1218352,190332,0,113706,85538,-114628,101031,1746820,386448,479
13272,1770,83828,60710,11311,32872,4640,40,2313,1929,-1566,9393,69156,0,15
14939,-1173,390524,326802,66701,226565,28199,0,16618,17722,-18168,87361,302507,44300,111
19758,1271,99461,71140,19791,45172,4144,0,1472,2935,-4076,4447,90144,4951,18
34187,-833,123774,93885,29166,56616,6431,262,3841,7915,-7096,29692,94487,12803,41
34292,695,163074,141209,30952,87509,13442,0,8394,5245,-8352,5132,156247,0,15
34516,546,204925,163572,32809,110387,19197,0,8537,8815,-19345,53887,145507,9449,56
34601,2191,214275,156178,51944,85437,13734,0,4990,5659,-10148,31909,174581,9871,42
34692,3143,210859,171940,27123,108293,35156,0,7970,16502,-10008,18164,187121,13199,71
34818,2427,190418,160272,48468,102025,9163,116,20452,9081,-9281,12531,170778,18533,37
34965,-13112,578638,466054,49608,397910,15597,0,37000,13281,-53119,53717,483506,180,85
35242,540,153172,107035,37022,64979,3322,0,1161,5550,-7593,5393,134279,18710,27
35478,1680,125531,88117,14711,66330,5213,0,4030,5699,-6088,32190,84525,16143,42
57432,1524,238205,168782,12165,109552,33953,0,3071,7107,-8953,13902,208259,7662,29
57440,-5665,211149,164397,67076,76646,13652,0,4763,7691,-14948,5606,195763,15880,36
57646,-2655,764090,582651,47327,462645,71931,0,35937,22717,-28303,29086,689711,72741,98
57820,2140,136446,104389,38858,53078,9386,0,2649,5616,-4703,30416,89269,9579,17
57855,587,120833,112571,15040,61835,35069,0,5707,5631,-13237,46863,58446,0,27
57868,-4382,340986,229824,45666,164162,19271,0,9652,15535,-15986,36535,277715,76974,81
57948,1271,51083,36330,11501,22031,2577,0,2100,3280,-1738,4109,45395,602,13
