,RIAD3210,RCON2170,RCON3360,RCON3465,RCON3466,RCON3387,RCONB561,RCON3123,RIAD4093,RIAD4300,RCON2215,RCON2385,RCON1773,RIAD4150
1056,442,22341,14255,3433,6046,1161,0,1146,487,-1011,9645,12164,1243,5
1361,971,96002,67894,10163,43942,11283,0,3115,1824,-1475,26847,62876,0,14
16240,1751,206672,108321,25857,50945,7328,0,4584,3135,-5361,56064,148173,58907,42
19498,-16707,153208,105865,32104,46126,5646,0,2692,20684,-24555,38562,125619,4684,42
20685,6984,328422,179518,48687,101413,20209,0,17811,5747,-3940,73866,243011,79120,93
27316,5919,282338,202061,66131,118607,16525,0,12476,5399,-9363,33158,212558,29193,56
27986,-1347,190891,145922,139638,6284,0,0,4133,4564,-5398,25718,145909,22569,62
28243,41,83679,64001,44447,8476,10857,0,1521,3445,-2329,12931,60070,9149,26
32711,315,209021,138778,20797,113234,3697,0,4126,6385,-4612,20741,161373,15683,55
35246,3149,215867,179235,48626,101129,25358,0,6629,2439,-3637,12623,194187,13524,20
57096,-916,78771,55165,17582,35980,1541,0,4858,2394,-3001,23673,55203,1796,28
57847,1896,116890,72356,12180,48239,10565,0,1971,1508,-1249,20267,94481,10013,20
