,Total equity capital,Total assets,Total loans,1-4 family residential loans,Other real estate loans,Commercial and industrial loans,Credit cards,Allowance for loan losses,Total noninterest expense,Net Income attributable,Total transaction deposits,Total nontransaction deposits,Available-for-sale Fair Value
57060,6609,496552,40387,386086,9193,354174,102662,131878,101221,0,22695,17366,-8796
34678,14575,300590,33911,230375,8433,204604,12192,49464,138783,0,9050,10520,-15746
57399,27188,363405,34107,309232,4995,218160,39917,41451,133059,0,8889,11721,-8545
8221,2769,28159,7840,19961,1177,24267,1000,6395,15640,0,325,1096,-1961
24957,5844,137175,25545,105572,4053,104939,9055,26442,53683,0,2824,4321,-8252
10054,25144,377779,40937,298660,12331,289872,16454,68239,194652,0,5648,15058,-30665
33989,55532,1010075,117266,800309,23763,696628,77725,183652,410115,6036,17967,32055,-59346
33535,96902,1525931,20737,1498734,160079,783631,780623,0,0,0,-40551,227305,-451294
58104,1874,96535,2874,91093,1087,66791,6082,1828,58881,0,2282,4590,-5192
18806,0,70318,13057,53695,1657,51203,9538,1338,40288,0,560,3079,-10610
29561,52235,243215,33560,174261,5381,160389,12214,36743,102973,0,13578,10315,-9523
58182,41915,336390,32183,287563,20821,286570,35491,17169,233737,0,9020,13444,-32537
27096,85662,520146,48836,445669,17453,387239,128470,48843,200313,0,-2888,20134,-19887
58071,5002,216500,19951,189526,6846,186319,16095,7144,162609,0,4766,9775,-10741
34430,1970,212839,24426,180650,2587,150292,14134,23680,110395,0,6374,7433,-14346
9268,17321,211711,7635,190852,11090,169714,37340,42580,88573,0,8115,6477,-5684
27126,69126,18698,424783,432052,15681,66835,339592,0,8713,20567,-40039,,
38129,17149,717806,89722,356470,10187,575922,39279,88556,433969,0,-11084,28207,-68969
58352,4087,51095,3983,46041,3411,39594,2104,6852,28354,0,888,3395,-4734
29952,17562,413673,30816,364494,21917,324675,38938,79371,205891,0,13727,8202,-29435
3287,19338,53936,9668,39607,190,22344,6978,5455,4243,0,4229,1214,209
57586,10493,119578,26693,90404,4792,100961,11989,48646,35286,0,1970,5129,-14115
15448,0,18155,4089,12238,826,10200,4136,430,4180,0,292,700,-1470
16730,34349,329246,20889,266554,11438,257363,20086,121502,111794,1783,2357,15708,-30498
23011,6650,2082684,152795,1511655,66522,1973358,250310,67317,1649144,0,120282,74281,-120665
5702,111651,1181717,69082,998875,35493,893053,73080,291287,484283,0,18886,46989,-58981
16133,8098,58566,22898,32764,2007,38877,7139,2416,13974,0,2269,3298,-5741
5672,113242,835701,21478,755079,55705,561450,31111,56110,461378,0,1765,28730,-48851
16480,92572,840633,40147,740049,25030,579881,35373,171706,345620,0,237,29830,-66641
22469,88241,955112,19682,888450,17327,704732,95246,64259,454360,0,22963,41802,-49611
20501,3832,395980,18317,322061,24250,376922,44614,56544,270693,1294,7210,15633,-25506
8265,0,20128,3032,17303,527,16441,2475,3824,8225,0,-272,1083,-2510
57147,4119,299225,27215,258339,14821,291066,31542,32857,116481,0,24,13993,-21299
1252,80061,709171,43452,653657,65252,565832,29722,68967,441553,1394,6130,17922,-96686
17522,0,22895,5947,17965,2525,20787,5498,6204,7452,0,-1219,1879,-3201
34705,1545,70758,3230,65093,1468,56062,18450,18313,8710,0,1802,2370,-3014
22977,60806,1188956,35179,1013884,44374,963999,168200,158440,626535,2103,11838,39476,-106143
