,Total equity capital,Total assets,Total loans,1-4 family residential loans,Other real estate loans,Commercial and industrial loans,Credit cards,Allowance for loan losses,Total noninterest expense,Net Income before,Total transaction deposits,Total nontransaction deposits,Available-for-sale Fair Value,Number of full-time employees
10216,4765,419723,327000,78674,194499,37271,173,12053,19479,-10427,28555,355565,27312,112
14194,1507,91580,55314,20526,22037,9932,0,2297,4475,-2294,29634,52333,9320,33
19397,298,106075,59149,14126,7740,34785,0,4970,5354,-6825,39142,66319,32663,38
19657,2453,383132,247663,33551,187004,11015,1234,8068,24139,-19373,29191,318530,5691,160
20115,14716,351492,253304,75769,136345,32327,0,14254,8727,-14373,72780,207869,53131,119
21132,22179,1280964,1008764,177186,541556,203988,0,46324,33210,-33054,292270,947360,21390,277
32347,1433,161430,93713,39944,53239,441,0,4752,3927,-2944,7305,152323,0,41
34392,1613,184750,99260,23658,64669,8527,0,3051,5200,-5146,36837,135205,43837,36
35395,-6583,195034,164616,2572,60525,40857,0,23628,3658,-12765,17672,163163,36997,30
57036,1891,165291,129769,24092,83153,2817,0,2350,7012,-2569,13497,144311,75,32
57087,12672,198081,128175,26537,78789,20863,0,7008,4672,-7514,32350,136785,20296,40
57256,1325,198993,120294,19496,76911,4473,0,5672,6724,-8121,12561,166212,29277,22
57537,-3542,209048,155310,26103,113159,18535,0,4972,6744,-9944,24730,187454,31661,42
57759,701,34800,26489,1414,22550,2293,0,2103,1496,-1135,3788,26754,3026,9
57860,1364,62383,41393,14279,22331,3434,0,1373,1777,-103,5875,50031,9029,12
57917,1715,162872,151192,26916,118688,5386,0,10499,6313,-6198,34866,109625,3499,23
58046,2048,191852,146160,17061,40530,83970,0,6669,6646,-1286,19260,168839,21681,25
58343,-1080,125976,87080,12349,67543,5907,0,2990,4097,-4361,9087,102963,15333,23
