,Total equity capital,Total assets,Total loans,1-4 family residential loans,Other real estate loans,Commercial and industrial loans,Credit cards,Allowance for loan losses,Total noninterest expense,Net Income before,Total transaction deposits,Total nontransaction deposits,Available-for-sale Fair Value,Number of full-time employees
2119,3168,131374,103128,20908,77983,1802,0,3624,2349,-6625,19567,107551,14505,35
5287,13143,821088,599528,190340,355680,24951,0,33430,12643,-22211,36152,679701,138053,133
14580,14321,689736,461369,138219,264915,59638,0,10851,10758,-17943,22777,573951,97635,141
16089,4258,148722,114147,34880,54794,21224,0,2618,3316,-1346,33275,106699,10199,41
19040,19262,,,,,,,,,,,,,
20340,1194,117154,77288,20205,50437,2930,0,3322,2794,-2753,36852,78765,11336,50
21777,12800,424138,311660,82846,160757,40814,0,22300,10074,-15349,23391,362903,56784,135
22173,10245,1646373,1090495,19763,916437,151785,0,35074,21049,-62898,54508,1483837,233660,184
23306,3488,34331,17890,4192,8998,4022,0,654,1470,-1025,6302,24487,2014,14
27573,674,80958,58411,20499,34774,2249,0,1752,1878,-4173,10663,66630,7213,22
31263,13019,591650,442262,147895,235643,56920,0,15018,9916,-10347,28777,489237,95928,125
32251,1712,110671,101005,33890,54428,10901,0,3991,2143,-1830,6353,94896,0,20
33904,670,29449,17281,5661,10868,152,0,737,692,-1298,15197,11501,0,12
34016,19076,1182738,882062,121732,671480,37442,0,52847,16244,-25141,75151,953114,159802,193
34411,4829,239006,180218,38265,64720,53238,0,8646,4539,-7918,44729,165739,5096,29
34578,9375,258387,181153,16301,148696,11875,1319,4878,5023,-4128,31070,216068,24987,59
34673,8308,269236,240033,83005,124923,30556,0,7099,5598,-4526,20735,198606,8066,68
35065,800,247696,196462,63408,86309,17917,0,12577,4053,-13427,16921,179584,11105,31
35078,3294,116133,93540,41868,48745,2860,0,1326,3047,-2798,10569,87082,8716,28
35250,1793,104208,74834,16292,36558,8371,218,4285,2579,-3364,20261,79931,9182,31
35463,7779,204416,161114,18235,132493,9246,0,8286,4271,-7687,14801,172574,8772,47
35561,2872,121095,84004,56625,20204,5564,661,2552,2616,-723,7461,105019,6677,31
57831,3474,169682,112733,24474,59576,21756,0,6512,1644,-9461,23534,128199,7106,15
57885,1465,51877,36304,1750,30696,3913,0,1137,1592,-1112,9009,41012,3021,15
58052,13578,156767,110935,18932,68595,19301,0,2055,2209,356,12439,115435,12007,34
58087,4344,109371,94019,2195,56882,40151,0,3549,3103,-4890,19567,84450,4935,16
58205,1340,91448,70521,9315,42102,16519,0,2727,2216,-2101,9222,63240,11461,12
