,Total equity capital,Total assets,Total loans,1-4 family residential loans,Other real estate loans,Commercial and industrial loans,Credit cards,Allowance for loan losses,Total noninterest expense,Net Income attributable,Total transaction deposits,Total nontransaction deposits,Available-for-sale Fair Value
35279,0,80343,2892,78093,4220,50859,3238,14583,13532,0,-735,868,-3647
34152,27023,252520,9673,222184,8736,182453,7946,48648,121062,0,4877,2052,-1423
26563,113823,630179,33545,546595,32067,409288,43654,35841,202851,0,-2089,5432,-3770
57110,20692,492491,48336,431423,12212,358159,58807,16829,281172,155,12011,4315,-1686
32955,30103,520887,47299,394063,19700,423171,65874,43684,310790,225,10241,3179,-4669
31813,0,17028,671,17421,1751,9066,2237,7529,3314,0,-1134,182,-619
15814,2873,60449,8165,55318,4181,55418,2077,2214,2516,0,-3178,773,-13548
34785,19132,360662,12364,341579,14647,276184,72255,12016,191067,0,4672,3352,-4665
57315,3086,102913,30465,63787,3096,85968,14574,19866,51262,0,3060,977,-345
57814,24770,240513,5650,218374,9253,210642,24768,11468,134021,0,-2177,2629,-9449
35106,45599,640894,28903,530994,24638,554817,35062,87787,334087,0,-15832,7054,-25222
57360,56927,595318,20859,510893,12256,435989,46985,43374,259623,0,7069,5412,-13448
57735,1000,61215,4515,53773,5182,58810,10969,15417,27911,0,-446,684,-1205
18117,567619,3172915,228888,2191850,142284,2257976,266446,488217,1488904,0,85461,43966,-106386
34255,9105,100659,8233,94230,4015,62133,5848,18615,36812,0,-2203,928,-4880
35586,134,111239,15746,86138,2102,92708,23512,16479,40074,0,117,924,-1855
35114,15473,135688,6115,127890,5515,98185,3264,28518,64975,0,1176,829,-4004
35517,9044,335798,19413,271760,9836,301081,43461,43593,210587,0,11201,3729,-163
57697,9127,120246,8525,104718,6784,79540,19245,1441,53301,0,480,1243,-6580
16476,1349,31996,5504,26465,1205,25209,6029,7658,6958,0,-100,591,-615
14246,34647,242871,49480,180710,8373,161239,15511,50781,50650,0,1616,1977,-4455
22710,79485,3250734,117930,2728956,116374,2785720,199136,359521,2149713,1590,16275,24298,-45063
17792,3795,52204,11706,31929,1814,34223,3655,7472,20510,0,814,945,-687
58362,11670,195510,13303,149513,8025,139262,5887,31823,100400,0,3469,1611,-765
30005,46155,1599122,67669,1350775,124361,1245593,151943,515993,512315,0,-103590,13258,-88566
31027,1352251,10797345,604689,7815668,280564,8443396,532231,1588992,5966577,50875,376622,56602,-89307
32185,266946,5681177,774484,3445624,94692,5273148,194608,3043127,1821556,81603,219797,37174,-118495
27150,733351,2453138,134488,1726862,32508,1367620,169585,243643,914249,4233,100974,14738,-3709
58429,2367,441694,6038,442879,34827,396899,51370,46353,292970,0,-10986,3224,-2953
10888,11905,130165,31526,93150,3638,87522,20395,40119,19420,0,305,1809,-676
30600,16173,194618,16537,146090,4524,159588,1483,77024,80110,694,2865,2206,-915
34821,21989,447239,17419,421580,31534,421404,49545,28133,343254,0,4475,4369,-9519
34658,586,73490,7037,65735,2531,61039,3607,12797,43081,0,422,1045,-1588
22853,71392,1059194,36831,986590,20866,890409,38710,29551,824218,0,28386,4348,-2553
3735,476235,3066240,255197,2488288,127055,2543157,345259,469239,1535510,0,74723,35225,-25442
21521,7092,981913,34087,885519,15672,373046,16590,24613,330668,0,5529,10180,-16056
33493,47887,611504,42110,415096,22337,509543,37029,32680,439353,0,17324,5297,-1663
23876,16088,266816,27214,195950,8368,181964,80122,0,130263,0,13749,2801,-3069
26619,3473,245534,27673,199747,1745,190089,3853,99944,80597,0,-271,3011,-5952
24067,929974,3393818,37155,2687320,85000,1873664,74009,804683,629000,0,-4433,24974,-18821
57724,4024,104034,6153,93917,3813,65031,5304,7104,52235,0,-317,936,-684
34878,5629,49173,2458,46164,3227,39804,5211,5631,27934,0,429,475,-173
34242,59393,590024,70585,450553,19280,494789,51708,155797,292192,2212,8064,5259,-17409
