,Total equity capital,Total assets,Total loans,1-4 family residential loans,Other real estate loans,Commercial and industrial loans,Credit cards,Allowance for loan losses,Total noninterest expense,Net Income attributable,Total transaction deposits,Total nontransaction deposits,Available-for-sale Fair Value,AsOfDate,Target
57060,6609,496552,40387,386086,9193,354174,102662,131878,101221,0,22695,17366.0,-8796.0,12/31/2009,1
34678,14575,300590,33911,230375,8433,204604,12192,49464,138783,0,9050,10520.0,-15746.0,12/31/2009,1
57399,27188,363405,34107,309232,4995,218160,39917,41451,133059,0,8889,11721.0,-8545.0,12/31/2009,1
8221,2769,28159,7840,19961,1177,24267,1000,6395,15640,0,325,1096.0,-1961.0,12/31/2009,1
24957,5844,137175,25545,105572,4053,104939,9055,26442,53683,0,2824,4321.0,-8252.0,12/31/2009,1
10054,25144,377779,40937,298660,12331,289872,16454,68239,194652,0,5648,15058.0,-30665.0,12/31/2009,1
33989,55532,1010075,117266,800309,23763,696628,77725,183652,410115,6036,17967,32055.0,-59346.0,12/31/2009,1
33535,96902,1525931,20737,1498734,160079,783631,780623,0,0,0,-40551,227305.0,-451294.0,12/31/2009,1
58104,1874,96535,2874,91093,1087,66791,6082,1828,58881,0,2282,4590.0,-5192.0,12/31/2009,1
18806,0,70318,13057,53695,1657,51203,9538,1338,40288,0,560,3079.0,-10610.0,12/31/2009,1
29561,52235,243215,33560,174261,5381,160389,12214,36743,102973,0,13578,10315.0,-9523.0,12/31/2009,1
58182,41915,336390,32183,287563,20821,286570,35491,17169,233737,0,9020,13444.0,-32537.0,12/31/2009,1
27096,85662,520146,48836,445669,17453,387239,128470,48843,200313,0,-2888,20134.0,-19887.0,12/31/2009,1
58071,5002,216500,19951,189526,6846,186319,16095,7144,162609,0,4766,9775.0,-10741.0,12/31/2009,1
34430,1970,212839,24426,180650,2587,150292,14134,23680,110395,0,6374,7433.0,-14346.0,12/31/2009,1
9268,17321,211711,7635,190852,11090,169714,37340,42580,88573,0,8115,6477.0,-5684.0,12/31/2009,1
27126,69126,18698,424783,432052,15681,66835,339592,0,8713,20567,-40039,,,12/31/2009,1
38129,17149,717806,89722,356470,10187,575922,39279,88556,433969,0,-11084,28207.0,-68969.0,12/31/2009,1
58352,4087,51095,3983,46041,3411,39594,2104,6852,28354,0,888,3395.0,-4734.0,12/31/2009,1
29952,17562,413673,30816,364494,21917,324675,38938,79371,205891,0,13727,8202.0,-29435.0,12/31/2009,1
3287,19338,53936,9668,39607,190,22344,6978,5455,4243,0,4229,1214.0,209.0,12/31/2009,1
57586,10493,119578,26693,90404,4792,100961,11989,48646,35286,0,1970,5129.0,-14115.0,12/31/2009,1
15448,0,18155,4089,12238,826,10200,4136,430,4180,0,292,700.0,-1470.0,12/31/2009,1
16730,34349,329246,20889,266554,11438,257363,20086,121502,111794,1783,2357,15708.0,-30498.0,12/31/2009,1
23011,6650,2082684,152795,1511655,66522,1973358,250310,67317,1649144,0,120282,74281.0,-120665.0,12/31/2009,1
5702,111651,1181717,69082,998875,35493,893053,73080,291287,484283,0,18886,46989.0,-58981.0,12/31/2009,1
16133,8098,58566,22898,32764,2007,38877,7139,2416,13974,0,2269,3298.0,-5741.0,12/31/2009,1
5672,113242,835701,21478,755079,55705,561450,31111,56110,461378,0,1765,28730.0,-48851.0,12/31/2009,1
16480,92572,840633,40147,740049,25030,579881,35373,171706,345620,0,237,29830.0,-66641.0,12/31/2009,1
22469,88241,955112,19682,888450,17327,704732,95246,64259,454360,0,22963,41802.0,-49611.0,12/31/2009,1
20501,3832,395980,18317,322061,24250,376922,44614,56544,270693,1294,7210,15633.0,-25506.0,12/31/2009,1
8265,0,20128,3032,17303,527,16441,2475,3824,8225,0,-272,1083.0,-2510.0,12/31/2009,1
57147,4119,299225,27215,258339,14821,291066,31542,32857,116481,0,24,13993.0,-21299.0,12/31/2009,1
1252,80061,709171,43452,653657,65252,565832,29722,68967,441553,1394,6130,17922.0,-96686.0,12/31/2009,1
17522,0,22895,5947,17965,2525,20787,5498,6204,7452,0,-1219,1879.0,-3201.0,12/31/2009,1
34705,1545,70758,3230,65093,1468,56062,18450,18313,8710,0,1802,2370.0,-3014.0,12/31/2009,1
22977,60806,1188956,35179,1013884,44374,963999,168200,158440,626535,2103,11838,39476.0,-106143.0,12/31/2009,1
23306,501,31569,5633,23211,760,16517,3501,3938,8495,0,2653,2186.0,-1859.0,6/30/2010,1
58052,35049,191764,17047,138756,1584,124817,20491,24046,71929,0,19250,3427.0,510.0,6/30/2010,1
35065,8013,242339,13011,180793,14570,188047,15909,63449,66617,0,-1833,5865.0,-16068.0,6/30/2010,1
34578,13843,244376,29439,211037,3259,180194,12370,17845,140978,1399,2124,7248.0,-11104.0,6/30/2010,1
19040,38601,73295,299323,328903,32106,61062,235262,81,-775,17782,-26732,,,6/30/2010,1
35561,5862,112643,7611,96894,2242,78083,5320,53781,19677,831,2272,3544.0,-1364.0,6/30/2010,1
34673,0,252744,20450,193100,8640,233102,29790,82451,119377,0,2571,8568.0,-10207.0,6/30/2010,1
5287,96511,750724,36539,628213,37225,572553,28089,175660,343516,0,8463,19338.0,-27757.0,6/30/2010,1
35078,8290,106595,9706,82290,1289,86882,2088,40645,44075,0,1474,4679.0,-4667.0,6/30/2010,1
20340,10902,112144,37086,75107,3748,74954,2817,19963,48505,0,-324,4279.0,-4286.0,6/30/2010,1
35463,13852,203955,16416,173766,8796,150363,7491,15679,126266,0,-2354,6618.0,-17831.0,6/30/2010,1
14580,104592,654714,22062,565564,12604,411257,53976,126142,233365,0,9020,16179.0,-22846.0,6/30/2010,1
57831,1795,143729,19571,122002,7416,100823,19159,23697,51338,0,1758,2755.0,-11036.0,6/30/2010,1
57885,0,48000,9297,37715,622,35951,3665,1747,30403,0,611,2551.0,-1952.0,6/30/2010,1
34411,13719,221082,42125,151348,8577,173680,53318,36826,62367,0,4532,6669.0,-8260.0,6/30/2010,1
58087,1888,98635,27115,74012,3912,82924,39377,1437,46663,0,-3483,4974.0,-12739.0,6/30/2010,1
31263,87427,538258,28004,472052,14792,427925,53145,149216,223803,0,6741,15502.0,-16779.0,6/30/2010,1
22173,237756,1583611,48202,1440583,34385,1023750,144652,21037,855932,0,3788,31718.0,-69281.0,6/30/2010,1
16089,10118,143451,33116,102359,2409,112780,20044,34873,54578,0,3742,5152.0,-1938.0,6/30/2010,1
2119,12262,126622,18550,104330,1334,98809,1518,25025,65844,0,2683,3411.0,-7095.0,6/30/2010,1
33904,0,29259,15224,11643,654,15000,146,4986,9972,0,310,1097.0,-1658.0,6/30/2010,1
32251,0,94823,5583,81278,1780,84674,9627,24559,51621,0,473,3276.0,-3076.0,6/30/2010,1
27573,8343,73922,8600,63598,2185,56001,2140,20239,32805,0,-1303,2759.0,-6138.0,6/30/2010,1
34016,109161,989382,59159,810208,58180,707503,31496,83259,561026,0,10599,23510.0,-33484.0,6/30/2010,1
58205,11102,87782,6779,63352,3165,66287,15672,8984,39198,0,25,3153.0,-3459.0,6/30/2010,1
35250,7097,92980,19963,70681,4170,70048,6992,14804,29299,215,1131,4009.0,-4106.0,6/30/2010,1
21777,50729,402205,21273,345955,20022,297286,37719,77909,156250,0,12540,14450.0,-16059.0,6/30/2010,1
35053,23282,288776,38285,237796,8787,215475,9288,59463,138720,377,12083,5036.0,-2941.0,,1
58308,6444,148575,5434,128127,4629,119821,5433,8288,105529,0,3349,3046.0,-3214.0,,1
27808,0,47523,833,40718,1268,37593,0,20006,17573,0,468,1179.0,-1216.0,,1
182,99558,447185,33412,364769,10213,273912,13486,67869,174213,35,6714,9313.0,-11448.0,,1
57448,24341,248151,9892,232939,7498,156105,7067,17506,129801,0,3968,4701.0,-11276.0,,1
58197,8472,168820,14796,145922,5190,120508,3186,27945,88815,0,945,2766.0,-7151.0,,1
57107,6575,81564,1143,78509,1960,64739,14998,12810,32212,0,1534,1931.0,-1406.0,,1
35061,9533,187819,15154,149440,4998,137230,16917,50732,78329,0,5149,3173.0,-1734.0,,1
27259,15895,337113,34131,221369,12239,260099,14520,61128,155261,0,18586,3447.0,-339.0,,1
33219,4150,498751,58273,412983,15745,424292,33426,94064,266493,0,18757,12350.0,-4457.0,,1
27090,19625,312077,63015,215817,11135,229556,46144,29895,147809,1331,10883,6873.0,-3340.0,,1
15640,694279,2166431,63239,1484164,90007,1351238,259544,321053,735639,0,9396,29411.0,-39554.0,,1
27344,8891,156218,35336,106541,5547,122326,5164,36781,64440,0,3094,3291.0,-3623.0,,1
25266,1585,67918,16495,47213,1514,52317,3776,27356,11557,0,127,2538.0,-3909.0,,1
17599,90754,493391,23021,444763,18870,332552,28751,77305,219430,3580,4306,8704.0,-6792.0,,1
34231,25911,264628,16452,252996,22400,219223,13509,48660,155252,0,-8067,5364.0,-16680.0,,1
31964,35316,714574,42528,650142,18477,580800,128025,39079,406318,0,15787,14239.0,-31587.0,,1
22643,54667,489019,26426,448316,11557,317516,57977,37807,218493,1042,10158,11668.0,-14462.0,,1
9619,15202,377469,16290,353726,9220,290087,25062,86250,104809,0,5412,6763.0,-4343.0,,1
57658,16281,160763,37018,118513,571,102670,11374,8483,81855,0,1145,2459.0,-4812.0,,1
23181,16771,250488,30456,197479,11554,201238,14583,70627,114178,0,7954,3341.0,-5273.0,,1
35434,38,203690,15211,168774,4768,118531,18570,14543,85329,7,1538,7633.0,-8351.0,,1
34486,8649,100649,13697,81403,4645,76859,13867,26749,37428,0,-400,2179.0,-7370.0,,1
10506,2,28248,3664,23384,1583,23529,3546,6460,10570,0,167,1517.0,-2101.0,,1
17837,35736,130411,29687,97306,4359,67268,4925,24843,28875,0,1588,2672.0,-3330.0,,1
27559,21616,970235,28721,904088,12186,687742,30539,131058,513346,335,6712,15786.0,-19030.0,,1
32536,56581,354966,42971,286570,10532,241640,8388,62656,170457,0,-4925,5794.0,-17105.0,,1
25172,30356,399441,37982,337540,19236,290659,21574,36444,229409,0,-10096,6407.0,-27145.0,,1
35383,41392,619374,72748,478143,20056,497131,23435,160177,308725,0,11246,9816.0,-8659.0,,1
11636,125181,585445,42415,471623,18787,376308,49903,49340,257247,0,10370,15256.0,-6187.0,,1
58072,18146,190678,7527,181117,4278,161590,14470,44028,101932,0,1132,6443.0,-4533.0,,1
35462,14263,217743,9201,203411,8616,165825,57968,46476,58088,0,4335,4924.0,-3509.0,,1
35279,0,80343,2892,78093,4220,50859,3238,14583,13532,0,-735,868.0,-3647.0,3/31/2010,1
34152,27023,252520,9673,222184,8736,182453,7946,48648,121062,0,4877,2052.0,-1423.0,3/31/2010,1
26563,113823,630179,33545,546595,32067,409288,43654,35841,202851,0,-2089,5432.0,-3770.0,3/31/2010,1
57110,20692,492491,48336,431423,12212,358159,58807,16829,281172,155,12011,4315.0,-1686.0,3/31/2010,1
32955,30103,520887,47299,394063,19700,423171,65874,43684,310790,225,10241,3179.0,-4669.0,3/31/2010,1
31813,0,17028,671,17421,1751,9066,2237,7529,3314,0,-1134,182.0,-619.0,3/31/2010,1
15814,2873,60449,8165,55318,4181,55418,2077,2214,2516,0,-3178,773.0,-13548.0,3/31/2010,1
34785,19132,360662,12364,341579,14647,276184,72255,12016,191067,0,4672,3352.0,-4665.0,3/31/2010,1
57315,3086,102913,30465,63787,3096,85968,14574,19866,51262,0,3060,977.0,-345.0,3/31/2010,1
57814,24770,240513,5650,218374,9253,210642,24768,11468,134021,0,-2177,2629.0,-9449.0,3/31/2010,1
35106,45599,640894,28903,530994,24638,554817,35062,87787,334087,0,-15832,7054.0,-25222.0,3/31/2010,1
57360,56927,595318,20859,510893,12256,435989,46985,43374,259623,0,7069,5412.0,-13448.0,3/31/2010,1
57735,1000,61215,4515,53773,5182,58810,10969,15417,27911,0,-446,684.0,-1205.0,3/31/2010,1
18117,567619,3172915,228888,2191850,142284,2257976,266446,488217,1488904,0,85461,43966.0,-106386.0,3/31/2010,1
34255,9105,100659,8233,94230,4015,62133,5848,18615,36812,0,-2203,928.0,-4880.0,3/31/2010,1
35586,134,111239,15746,86138,2102,92708,23512,16479,40074,0,117,924.0,-1855.0,3/31/2010,1
35114,15473,135688,6115,127890,5515,98185,3264,28518,64975,0,1176,829.0,-4004.0,3/31/2010,1
35517,9044,335798,19413,271760,9836,301081,43461,43593,210587,0,11201,3729.0,-163.0,3/31/2010,1
57697,9127,120246,8525,104718,6784,79540,19245,1441,53301,0,480,1243.0,-6580.0,3/31/2010,1
16476,1349,31996,5504,26465,1205,25209,6029,7658,6958,0,-100,591.0,-615.0,3/31/2010,1
14246,34647,242871,49480,180710,8373,161239,15511,50781,50650,0,1616,1977.0,-4455.0,3/31/2010,1
22710,79485,3250734,117930,2728956,116374,2785720,199136,359521,2149713,1590,16275,24298.0,-45063.0,3/31/2010,1
17792,3795,52204,11706,31929,1814,34223,3655,7472,20510,0,814,945.0,-687.0,3/31/2010,1
58362,11670,195510,13303,149513,8025,139262,5887,31823,100400,0,3469,1611.0,-765.0,3/31/2010,1
30005,46155,1599122,67669,1350775,124361,1245593,151943,515993,512315,0,-103590,13258.0,-88566.0,3/31/2010,1
31027,1352251,10797345,604689,7815668,280564,8443396,532231,1588992,5966577,50875,376622,56602.0,-89307.0,3/31/2010,1
32185,266946,5681177,774484,3445624,94692,5273148,194608,3043127,1821556,81603,219797,37174.0,-118495.0,3/31/2010,1
27150,733351,2453138,134488,1726862,32508,1367620,169585,243643,914249,4233,100974,14738.0,-3709.0,3/31/2010,1
58429,2367,441694,6038,442879,34827,396899,51370,46353,292970,0,-10986,3224.0,-2953.0,3/31/2010,1
10888,11905,130165,31526,93150,3638,87522,20395,40119,19420,0,305,1809.0,-676.0,3/31/2010,1
30600,16173,194618,16537,146090,4524,159588,1483,77024,80110,694,2865,2206.0,-915.0,3/31/2010,1
34821,21989,447239,17419,421580,31534,421404,49545,28133,343254,0,4475,4369.0,-9519.0,3/31/2010,1
34658,586,73490,7037,65735,2531,61039,3607,12797,43081,0,422,1045.0,-1588.0,3/31/2010,1
22853,71392,1059194,36831,986590,20866,890409,38710,29551,824218,0,28386,4348.0,-2553.0,3/31/2010,1
3735,476235,3066240,255197,2488288,127055,2543157,345259,469239,1535510,0,74723,35225.0,-25442.0,3/31/2010,1
21521,7092,981913,34087,885519,15672,373046,16590,24613,330668,0,5529,10180.0,-16056.0,3/31/2010,1
33493,47887,611504,42110,415096,22337,509543,37029,32680,439353,0,17324,5297.0,-1663.0,3/31/2010,1
23876,16088,266816,27214,195950,8368,181964,80122,0,130263,0,13749,2801.0,-3069.0,3/31/2010,1
26619,3473,245534,27673,199747,1745,190089,3853,99944,80597,0,-271,3011.0,-5952.0,3/31/2010,1
24067,929974,3393818,37155,2687320,85000,1873664,74009,804683,629000,0,-4433,24974.0,-18821.0,3/31/2010,1
57724,4024,104034,6153,93917,3813,65031,5304,7104,52235,0,-317,936.0,-684.0,3/31/2010,1
34878,5629,49173,2458,46164,3227,39804,5211,5631,27934,0,429,475.0,-173.0,3/31/2010,1
34242,59393,590024,70585,450553,19280,494789,51708,155797,292192,2212,8064,5259.0,-17409.0,3/31/2010,1
